LEVEL_INFORMATION
No pain, no gain - jailbreak
TILES
2,2,2,2,2,2,2,2,2,2,2,2,2,2,2,2,2,2,2,2,2,2,2,2,2,2,2,2,2,2,2,2,2,2,2,2,2,2,
2,1,1,1,1,1,1,1,1,1,1,1,1,1,1,2,1,1,1,1,2,1,1,1,1,1,1,1,1,2,1,1,1,1,1,1,1,2,
2,1,1,1,1,1,1,1,1,1,1,1,1,1,1,1,1,1,1,1,1,1,1,1,1,1,1,1,1,2,1,1,1,1,1,1,1,2,
2,1,1,2,1,1,1,1,1,1,2,1,1,1,1,1,1,1,1,1,1,1,1,1,1,1,2,1,1,2,1,1,1,1,2,1,1,2,
2,1,1,2,1,1,1,1,1,1,2,1,1,1,1,2,1,1,1,1,2,1,1,1,1,1,2,1,1,2,1,1,1,1,2,1,1,2,
2,2,2,2,2,2,2,2,2,2,2,1,1,1,1,2,2,2,2,2,2,1,1,1,1,1,2,1,1,1,1,1,1,1,2,1,1,2,
2,1,1,2,1,1,1,1,1,1,2,1,1,1,1,2,1,1,1,1,2,1,1,1,1,1,2,1,1,1,1,1,1,1,2,1,1,2,
2,1,1,1,1,1,1,1,1,1,2,1,1,1,1,1,1,1,1,1,1,1,1,1,1,1,2,1,1,2,2,2,2,2,2,1,1,2,
2,1,1,1,1,1,1,1,1,1,1,1,1,1,1,1,1,1,1,1,1,1,1,1,1,1,1,1,1,2,1,1,1,1,1,1,1,2,
2,1,1,2,1,1,1,1,1,1,1,1,1,1,1,2,1,1,1,1,2,1,1,1,1,1,1,1,1,2,1,1,1,1,1,1,1,2,
2,2,2,2,2,2,2,2,2,2,2,1,1,1,1,2,2,2,2,2,2,1,1,1,1,1,2,2,2,2,1,1,1,1,2,2,2,2,
2,1,1,2,1,1,1,1,1,1,1,1,1,1,1,2,1,1,1,1,2,1,1,1,1,1,1,1,1,2,1,1,1,1,1,1,1,2,
2,1,1,1,1,1,1,1,1,1,1,1,1,1,1,1,1,1,1,1,1,1,1,1,1,1,1,1,1,2,1,1,1,1,1,1,1,2,
2,1,1,1,1,1,1,1,1,1,2,1,1,1,1,1,1,1,1,1,1,1,1,1,1,1,2,1,1,2,2,2,2,2,2,1,1,2,
2,1,1,2,1,1,1,1,1,1,2,1,1,1,1,2,1,1,1,1,2,1,1,1,1,1,2,1,1,1,1,1,1,1,2,1,1,2,
2,2,2,2,2,2,2,2,2,2,2,1,1,1,1,2,2,2,2,2,2,1,1,1,1,1,2,1,1,1,1,1,1,1,2,1,1,2,
2,1,1,2,1,1,1,1,1,1,2,1,1,1,1,2,1,1,1,1,2,1,1,1,1,1,2,1,1,2,1,1,1,1,2,1,1,2,
2,1,1,2,1,1,1,1,1,1,2,1,1,1,1,1,1,1,1,1,1,1,1,1,1,1,2,1,1,2,1,1,1,1,2,1,1,2,
2,1,1,1,1,1,1,1,1,1,1,1,1,1,1,1,1,1,1,1,1,1,1,1,1,1,1,1,1,2,1,1,1,1,1,1,1,2,
2,1,1,1,1,1,1,1,1,1,1,1,1,1,1,2,1,1,1,1,2,1,1,1,1,1,1,1,1,2,1,1,1,1,1,1,1,2,
2,2,2,2,2,2,2,2,2,2,2,2,2,2,2,2,2,2,2,2,2,2,2,2,2,2,2,2,2,2,2,2,2,2,2,2,2,2
POSITION
SHIELDMAIDEN 100 150 1
SHIELDMAIDEN 100 400 2
SHIELDMAIDEN 100 650 3
SHIELDMAIDEN 100 900 4
ENDOFFILE

note: this is not the actual tutorial level, more like a test level