LEVEL_INFORMATION
Icelevel - get the key to open the path to the trapdoor. Careful of the penguins.
TILES
2,2,2,2,2,2,2,2,2,2,2,2,2,2,2,2,2,2,2,2,2,2,2,2,2,2,2,2,2,2,2,2,2,2,2,2,2,2,
2,4,3,3,6,6,4,4,6,6,3,3,3,3,3,3,3,3,3,3,3,3,3,3,3,3,3,3,3,3,3,3,6,6,3,3,4,2,
2,3,3,3,3,3,3,4,4,4,3,3,3,3,3,3,4,6,6,6,6,4,4,3,3,3,3,3,3,3,3,3,3,3,3,3,3,2,
2,6,3,3,6,6,3,3,3,3,3,3,3,3,3,3,4,6,6,6,6,4,3,3,3,6,6,4,3,3,3,3,6,6,3,3,6,2,
2,6,3,3,6,6,3,3,3,3,3,3,3,3,3,3,3,4,6,6,4,3,3,3,3,3,3,3,3,3,4,3,6,6,3,3,6,2,
2,4,3,3,3,3,3,3,3,3,3,3,3,3,3,3,3,3,3,3,3,3,3,3,3,3,3,3,3,3,3,3,3,3,3,3,4,2,
2,4,3,3,3,4,3,6,6,3,3,3,3,6,6,3,3,3,3,3,3,3,3,3,3,6,6,3,3,3,3,3,3,3,3,3,4,2,
2,4,3,3,3,4,3,6,6,3,3,4,4,3,3,3,3,3,3,3,3,3,3,3,3,3,4,3,3,3,3,3,3,3,3,3,4,2,
2,4,3,3,4,3,3,6,6,4,4,6,6,3,3,3,3,3,3,3,3,3,3,3,3,3,3,3,3,3,3,3,3,3,3,3,4,2,
2,4,3,3,3,3,3,4,4,3,3,3,3,3,3,3,3,3,2,2,3,3,3,3,3,3,3,3,3,3,3,3,3,3,3,3,4,2,
2,4,3,3,3,3,3,3,3,3,3,3,3,3,3,3,3,3,2,2,3,3,3,3,3,3,3,3,3,3,3,3,3,3,3,3,4,2,
2,4,3,3,3,3,3,3,3,3,3,3,3,3,3,3,3,3,3,3,3,3,3,3,3,4,3,3,3,3,3,3,3,3,3,3,4,2,
2,4,3,3,4,3,3,6,6,3,3,3,3,3,3,3,3,3,3,3,3,3,3,3,3,3,6,6,3,3,3,3,3,3,3,3,4,2,
2,4,3,3,3,4,3,6,6,3,3,3,3,3,3,3,3,3,3,3,3,3,3,3,3,3,6,6,3,3,3,3,3,3,3,3,4,2,
2,4,3,3,3,3,3,3,3,3,3,3,3,3,3,3,3,3,3,3,3,3,3,3,3,3,3,3,3,3,3,4,3,3,3,3,4,2,
2,4,3,3,3,3,3,3,3,3,3,3,3,3,3,3,4,6,6,6,6,4,3,3,3,3,3,3,3,3,3,3,3,3,3,3,4,2,
2,6,3,3,6,6,3,3,3,3,3,3,3,3,3,3,6,6,6,6,6,6,3,3,3,3,3,3,3,3,3,3,6,6,3,3,6,2,
2,6,3,3,6,6,3,3,3,3,3,3,3,3,3,3,4,4,4,4,4,4,3,3,3,3,3,3,3,3,3,3,6,6,3,3,6,2,
2,3,3,3,3,3,3,3,3,3,3,3,3,3,3,3,3,3,3,3,3,3,3,3,3,3,3,3,3,3,3,3,3,3,3,3,3,2,
2,4,3,3,6,6,4,3,3,3,3,3,3,3,3,3,3,3,3,3,3,3,6,6,3,3,3,3,3,3,3,4,6,6,3,3,4,2,
2,2,2,2,2,2,2,2,2,2,2,2,2,2,2,2,2,2,2,2,2,2,2,2,2,2,2,2,2,2,2,2,2,2,2,2,2,2
POSITION
SHIELDMAIDEN 900 800 1
SHIELDMAIDEN 900 850 2
SHIELDMAIDEN 990 800 3
SHIELDMAIDEN 990 850 4
ENDOFFILE

note: this is not the actual tutorial level, more like a test level