LEVEL_INFORMATION
Template level - nice beginning point for designing new levels
TILES
2,2,2,2,2,2,2,2,2,2,2,2,2,2,2,2,2,2,2,2,2,2,2,2,2,2,2,2,2,2,2,2,2,2,2,2,2,2,
2,1,1,1,1,1,1,1,1,1,1,1,1,1,1,1,1,1,1,6,6,7,5,5,5,5,5,8,8,8,8,5,5,8,8,8,8,2,
2,1,1,1,1,1,1,1,1,1,1,1,1,1,1,1,1,1,1,6,6,7,5,5,5,5,5,8,8,8,8,5,5,8,8,8,8,2,
2,1,1,1,1,1,1,1,1,1,1,1,1,5,5,5,5,5,2,6,6,7,5,5,5,5,5,5,8,8,5,5,5,5,8,8,5,2,
2,1,1,1,5,5,5,5,5,1,1,1,2,5,8,8,8,8,5,6,6,7,5,5,5,5,5,5,8,8,5,5,5,5,8,8,5,2,
2,1,1,1,5,8,8,8,5,1,1,1,1,1,8,8,8,8,5,6,6,7,5,5,5,5,5,5,7,7,5,5,5,5,7,7,5,2,
2,1,1,1,5,8,8,8,5,1,1,1,1,1,8,8,8,8,5,6,6,7,5,5,5,5,5,5,7,7,5,5,5,5,7,7,5,2,
2,1,1,1,5,8,8,8,5,2,1,1,2,5,8,8,8,8,5,6,6,7,5,5,5,5,5,2,1,1,2,5,5,2,1,1,2,2,
2,1,1,1,5,5,5,5,5,2,1,1,2,5,5,5,5,5,5,5,5,5,5,5,5,5,5,2,1,1,2,5,5,2,1,1,2,2,
2,1,1,1,2,5,5,5,5,5,1,1,1,2,1,1,1,5,7,1,1,2,1,1,1,5,1,1,1,1,1,1,1,1,1,1,1,2,
2,1,1,1,2,5,8,8,8,5,1,1,1,1,1,1,1,5,7,1,1,1,1,1,1,5,1,1,1,1,1,1,1,1,1,1,1,2,
2,2,2,2,2,5,8,8,8,5,5,1,1,1,1,1,1,5,7,1,1,1,1,1,1,5,1,1,1,1,1,1,1,1,1,1,1,2,
2,6,6,1,1,7,8,8,8,5,5,1,1,2,1,1,1,5,2,1,1,2,1,1,1,5,1,1,1,1,1,1,1,2,1,1,2,2,
2,6,6,1,1,5,5,5,5,5,5,1,1,5,1,1,1,7,1,1,1,5,1,1,1,2,5,5,5,5,5,5,5,2,1,1,2,2,
2,6,6,2,2,5,5,5,5,5,5,1,1,5,1,1,1,7,1,1,1,5,1,1,1,1,1,1,1,1,1,1,1,1,1,1,1,2,
2,6,6,6,6,5,8,8,8,8,5,1,1,5,1,1,1,7,1,1,1,5,1,1,1,1,1,1,1,1,1,1,1,1,1,1,1,2,
2,6,6,6,6,7,8,8,8,8,7,1,1,5,1,1,1,5,2,1,1,2,5,5,5,2,5,5,5,2,5,5,5,2,5,5,5,2,
2,6,6,6,6,7,8,8,8,8,7,1,1,5,1,1,1,5,7,1,1,1,1,1,1,1,1,1,1,1,1,1,1,1,1,1,1,2,
2,6,6,6,6,5,8,8,8,8,5,5,5,5,1,1,1,5,7,1,1,1,1,1,1,1,1,1,1,1,1,1,1,1,1,1,1,2,
2,5,5,5,5,5,5,5,5,5,5,5,5,5,5,5,5,5,7,1,1,2,5,5,5,2,5,5,5,2,5,5,5,2,5,5,5,2,
2,2,2,2,2,2,2,2,2,2,2,2,2,2,2,2,2,2,2,2,2,2,2,2,2,2,2,2,2,2,2,2,2,2,2,2,2,2
POSITION
SHIELDMAIDEN 150 500 1
SHIELDMAIDEN 150 550 2
SHIELDMAIDEN 100 500 3
SHIELDMAIDEN 100 550 4
ENDOFFILE

note: this is not the actual tutorial level, more like a test level